NAME : tsp
TYPE : TSP
DIMENSION : 48
EDGE_WEIGHT_TYPE: EXPLICIT
EDGE_WEIGHT_FORMAT: FULL_MATRIX
EDGE_WEIGHT_SECTION
0	2.57788e+006	3.10593e+006	1.51728e+006	4.17734e+006	1.40011e+006	3.93181e+006	3.55106e+006	3.14017e+006	2.62759e+006	3.20664e+006	1.19523e+006	1.76995e+006	532076	418801	2.0717e+006	2.44385e+006	4.37121e+006	3.40027e+006	4.18275e+006	2.01811e+006	1.06169e+006	2.16504e+006	902920	2.71799e+006	3.86307e+006	4.09689e+006	3.6347e+006	1.93113e+006	3.74725e+006	3.27324e+006	1.44711e+006	2.2835e+006	1.16361e+006	4.28531e+006	3.28212e+006	4.13564e+006	3.08599e+006	966632	1.97288e+006	2.28491e+006	2.50677e+006	3.93442e+006	3.33072e+006	4.31156e+006	2.58848e+006	1.28335e+006	1.33905e+006	
2.57788e+006	0	4.72665e+006	1.20435e+006	6.3625e+006	3.65699e+006	3.12952e+006	2.41352e+006	562304	462082	5.6535e+006	1.71236e+006	1.60357e+006	2.3672e+006	2.20037e+006	1.28945e+006	1.00388e+006	3.83269e+006	2.2576e+006	3.4189e+006	2.26698e+006	2.95602e+006	719957	1.69931e+006	5.27816e+006	6.07547e+006	3.46468e+006	2.65368e+006	3.62465e+006	3.11492e+006	1.57316e+006	3.95007e+006	1.74736e+006	2.14124e+006	6.75423e+006	2.38212e+006	3.3059e+006	1.0289e+006	3.52929e+006	824314	2.187e+006	4.8194e+006	3.48899e+006	1.9469e+006	6.83432e+006	1.54173e+006	2.37853e+006	3.74308e+006	
3.10593e+006	4.72665e+006	0	3.58742e+006	2.01166e+006	1.8414e+006	6.97677e+006	6.5e+006	5.18687e+006	5.02771e+006	2.32684e+006	4.14782e+006	4.72274e+006	3.63492e+006	3.12414e+006	4.90611e+006	3.92965e+006	7.46279e+006	6.3371e+006	7.24233e+006	5.10456e+006	4.04294e+006	4.02137e+006	3.67624e+006	2.86259e+006	1.84916e+006	7.17288e+006	6.629e+006	1.20318e+006	6.81309e+006	6.00059e+006	3.44691e+006	5.25222e+006	2.65555e+006	3.12258e+006	6.2734e+006	7.18276e+006	5.62192e+006	3.08411e+006	4.56301e+006	2.75507e+006	1.5909e+006	7.0267e+006	6.18568e+006	3.47121e+006	5.46075e+006	4.38906e+006	2.08728e+006	
1.51728e+006	1.20435e+006	3.58742e+006	0	5.16203e+006	2.45787e+006	3.6774e+006	3.07036e+006	1.742e+006	1.44359e+006	4.46199e+006	1.18362e+006	1.51996e+006	1.49716e+006	1.10274e+006	1.50086e+006	950239	4.29746e+006	2.90244e+006	3.96638e+006	2.16879e+006	2.2089e+006	651642	827118	4.1358e+006	4.87296e+006	3.95306e+006	3.25306e+006	2.44598e+006	3.58028e+006	2.44056e+006	2.95963e+006	1.96515e+006	949294	5.56366e+006	2.91506e+006	3.87777e+006	2.03456e+006	2.48196e+006	1.02694e+006	1.39488e+006	3.61691e+006	3.89077e+006	2.68527e+006	5.6602e+006	2.02299e+006	1.86617e+006	2.55996e+006	
4.17734e+006	6.3625e+006	2.01166e+006	5.16203e+006	0	2.79867e+006	8.06372e+006	7.72679e+006	6.87727e+006	6.58035e+006	1.40171e+006	5.3656e+006	5.94599e+006	4.67899e+006	4.377e+006	6.22478e+006	5.70859e+006	8.41699e+006	7.57725e+006	8.29539e+006	6.13493e+006	4.80141e+006	5.70634e+006	4.98188e+006	2.32182e+006	319845	8.18561e+006	7.79995e+006	2.7773e+006	7.85803e+006	7.40799e+006	3.76293e+006	6.46056e+006	4.22212e+006	1.42601e+006	7.45072e+006	8.26298e+006	7.13039e+006	3.66838e+006	6.01093e+006	4.63729e+006	1.68084e+006	7.98674e+006	7.5016e+006	1.87619e+006	6.75781e+006	5.3599e+006	2.84378e+006	
1.40011e+006	3.65699e+006	1.8414e+006	2.45787e+006	2.79867e+006	0	5.32947e+006	4.94593e+006	4.19986e+006	3.8236e+006	2.0112e+006	2.57263e+006	3.15612e+006	1.92309e+006	1.57917e+006	3.42633e+006	3.17825e+006	5.74834e+006	4.79284e+006	5.57698e+006	3.40823e+006	2.22226e+006	3.06586e+006	2.18429e+006	1.85925e+006	2.49012e+006	5.48529e+006	5.03431e+006	893067	5.14042e+006	4.61053e+006	1.66898e+006	3.67698e+006	1.58984e+006	3.11202e+006	4.68122e+006	5.5327e+006	4.35156e+006	1.25133e+006	3.22658e+006	2.42558e+006	1.16841e+006	5.31208e+006	4.70557e+006	3.24071e+006	3.96175e+006	2.65096e+006	303784	
3.93181e+006	3.12952e+006	6.97677e+006	3.6774e+006	8.06372e+006	5.32947e+006	0	742825	3.20839e+006	2.66916e+006	6.9283e+006	2.83011e+006	2.2657e+006	3.4065e+006	3.85317e+006	2.17733e+006	4.07548e+006	726006	880193	292576	1.92922e+006	3.30931e+006	3.67153e+006	3.31413e+006	6.19837e+006	7.74486e+006	364870	481682	5.77396e+006	260461	1.6582e+006	4.51278e+006	1.74595e+006	4.4303e+006	7.90941e+006	768532	206119	2.22451e+006	4.43407e+006	2.68028e+006	5.05225e+006	6.3832e+006	549604	1.22301e+006	7.80417e+006	1.66968e+006	2.70387e+006	5.22996e+006	
3.55106e+006	2.41352e+006	6.5e+006	3.07036e+006	7.72679e+006	4.94593e+006	742825	0	2.4673e+006	1.95146e+006	6.67259e+006	2.37973e+006	1.79435e+006	3.05048e+006	3.40489e+006	1.60317e+006	3.38133e+006	1.46849e+006	167920	1.01948e+006	1.68016e+006	3.10942e+006	2.993e+006	2.82649e+006	6.00885e+006	7.41124e+006	1.10315e+006	266925	5.29966e+006	820330	915428	4.34747e+006	1.26904e+006	3.88993e+006	7.69756e+006	331050	899090	1.48309e+006	4.1841e+006	2.04811e+006	4.41424e+006	6.05072e+006	1.21874e+006	481274	7.63417e+006	1.05332e+006	2.43152e+006	4.8836e+006	
3.14017e+006	562304	5.18687e+006	1.742e+006	6.87727e+006	4.19986e+006	3.20839e+006	2.4673e+006	0	717898	6.20237e+006	2.24041e+006	2.05041e+006	2.91981e+006	2.76165e+006	1.6867e+006	1.30375e+006	3.93126e+006	2.33034e+006	3.48642e+006	2.66853e+006	3.48622e+006	1.17467e+006	2.25915e+006	5.83902e+006	6.59521e+006	3.56282e+006	2.727e+006	4.11994e+006	3.23917e+006	1.55836e+006	4.50664e+006	2.08157e+006	2.65792e+006	7.30378e+006	2.51106e+006	3.36392e+006	984228	4.09056e+006	1.31899e+006	2.54377e+006	5.35746e+006	3.63103e+006	1.98605e+006	7.39036e+006	1.78477e+006	2.87863e+006	4.29521e+006	
2.62759e+006	462082	5.02771e+006	1.44359e+006	6.58035e+006	3.8236e+006	2.66916e+006	1.95146e+006	717898	0	5.78832e+006	1.60148e+006	1.34254e+006	2.32967e+006	2.29092e+006	969745	1.45063e+006	3.37517e+006	1.79586e+006	2.95801e+006	1.95064e+006	2.83452e+006	1.11168e+006	1.72476e+006	5.34547e+006	6.28477e+006	3.00666e+006	2.19241e+006	3.88851e+006	2.66003e+006	1.12146e+006	3.91929e+006	1.37176e+006	2.39083e+006	6.88296e+006	1.92607e+006	2.8444e+006	610669	3.54211e+006	675003	2.58932e+006	4.99201e+006	3.03811e+006	1.48548e+006	6.93327e+006	1.11173e+006	2.19534e+006	3.87542e+006	
3.20664e+006	5.6535e+006	2.32684e+006	4.46199e+006	1.40171e+006	2.0112e+006	6.9283e+006	6.67259e+006	6.20237e+006	5.78832e+006	0	4.39147e+006	4.94612e+006	3.64794e+006	3.50003e+006	5.27325e+006	5.18213e+006	7.21562e+006	6.53431e+006	7.13966e+006	5.02106e+006	3.62023e+006	5.0766e+006	4.08916e+006	921434	1.13085e+006	7.01321e+006	6.71302e+006	2.43641e+006	6.7063e+006	6.4768e+006	2.47532e+006	5.43157e+006	3.59809e+006	1.10173e+006	6.37522e+006	7.12072e+006	6.28303e+006	2.49695e+006	5.15972e+006	4.31792e+006	936385	6.79461e+006	6.50674e+006	1.26789e+006	5.77271e+006	4.24865e+006	1.91399e+006	
1.19523e+006	1.71236e+006	4.14782e+006	1.18362e+006	5.3656e+006	2.57263e+006	2.83011e+006	2.37973e+006	2.24041e+006	1.60148e+006	4.39147e+006	0	585431	765028	1.02897e+006	882366	2.03968e+006	3.35239e+006	2.22358e+006	3.09958e+006	1.04816e+006	1.24595e+006	1.62441e+006	502132	3.84037e+006	5.053e+006	3.04186e+006	2.48756e+006	2.94469e+006	2.67572e+006	2.08613e+006	2.33031e+006	1.11322e+006	1.64987e+006	5.45895e+006	2.13174e+006	3.03621e+006	1.95776e+006	1.99649e+006	930940	2.51286e+006	3.70028e+006	2.92253e+006	2.13691e+006	5.45845e+006	1.3938e+006	710769	2.53356e+006	
1.76995e+006	1.60357e+006	4.72274e+006	1.51996e+006	5.94599e+006	3.15612e+006	2.2657e+006	1.79435e+006	2.05041e+006	1.34254e+006	4.94612e+006	585431	0	1.29834e+006	1.61195e+006	405295	2.20716e+006	2.8234e+006	1.63824e+006	2.54176e+006	693733	1.58558e+006	1.76655e+006	1.04956e+006	4.35647e+006	5.63243e+006	2.49785e+006	1.90693e+006	3.51981e+006	2.12708e+006	1.55766e+006	2.7778e+006	530065	2.1709e+006	6.00207e+006	1.5511e+006	2.4716e+006	1.53755e+006	2.50539e+006	790043	2.91158e+006	4.27665e+006	2.40236e+006	1.56344e+006	5.98224e+006	826755	891426	3.10868e+006	
532076	2.3672e+006	3.63492e+006	1.49716e+006	4.67899e+006	1.92309e+006	3.4065e+006	3.05048e+006	2.91981e+006	2.32967e+006	3.64794e+006	765028	1.29834e+006	0	645877	1.64102e+006	2.44598e+006	3.83916e+006	2.90424e+006	3.65446e+006	1.48742e+006	729900	2.09574e+006	696501	3.07596e+006	4.36247e+006	3.56621e+006	3.12177e+006	2.45287e+006	3.21831e+006	2.84184e+006	1.59144e+006	1.79092e+006	1.47925e+006	4.70534e+006	2.77178e+006	3.60962e+006	2.7202e+006	1.23179e+006	1.65522e+006	2.54931e+006	3.00085e+006	3.40237e+006	2.85938e+006	4.696e+006	2.12508e+006	755313	1.8353e+006	
418801	2.20037e+006	3.12414e+006	1.10274e+006	4.377e+006	1.57917e+006	3.85317e+006	3.40489e+006	2.76165e+006	2.29092e+006	3.50003e+006	1.02897e+006	1.61195e+006	645877	0	1.85206e+006	2.02509e+006	4.34859e+006	3.24662e+006	4.11822e+006	1.9969e+006	1.34022e+006	1.75292e+006	605126	3.07791e+006	4.06925e+006	4.05116e+006	3.51653e+006	1.92226e+006	3.68964e+006	3.03138e+006	1.8659e+006	2.14141e+006	837010	4.59257e+006	3.1607e+006	4.05908e+006	2.78785e+006	1.37943e+006	1.66201e+006	1.93136e+006	2.73598e+006	3.91417e+006	3.13723e+006	4.64643e+006	2.39495e+006	1.35058e+006	1.59172e+006	
2.0717e+006	1.28945e+006	4.90611e+006	1.50086e+006	6.22478e+006	3.42633e+006	2.17733e+006	1.60317e+006	1.6867e+006	969745	5.27325e+006	882366	405295	1.64102e+006	1.85206e+006	0	2.02825e+006	2.80227e+006	1.43731e+006	2.46573e+006	985238	1.98623e+006	1.59212e+006	1.25256e+006	4.71568e+006	5.91472e+006	2.45393e+006	1.76364e+006	3.70975e+006	2.08167e+006	1.2038e+006	3.16375e+006	496328	2.28678e+006	6.34122e+006	1.41881e+006	2.37865e+006	1.13347e+006	2.86672e+006	553245	2.88477e+006	4.56889e+006	2.4044e+006	1.28817e+006	6.337e+006	554707	1.29648e+006	3.40559e+006	
2.44385e+006	1.00388e+006	3.92965e+006	950239	5.70859e+006	3.17825e+006	4.07548e+006	3.38133e+006	1.30375e+006	1.45063e+006	5.18213e+006	2.03968e+006	2.20716e+006	2.44598e+006	2.02509e+006	2.02825e+006	0	4.75891e+006	3.21998e+006	4.36756e+006	2.8994e+006	3.15077e+006	441041	1.76455e+006	4.95946e+006	5.44244e+006	4.39536e+006	3.60911e+006	2.93129e+006	4.03393e+006	2.57163e+006	3.89096e+006	2.52424e+006	1.5896e+006	6.2776e+006	3.3127e+006	4.26058e+006	2.0327e+006	3.3979e+006	1.47514e+006	1.24045e+006	4.28655e+006	4.38963e+006	2.92754e+006	6.41884e+006	2.42713e+006	2.74827e+006	3.3364e+006	
4.37121e+006	3.83269e+006	7.46279e+006	4.29746e+006	8.41699e+006	5.74834e+006	726006	1.46849e+006	3.93126e+006	3.37517e+006	7.21562e+006	3.35239e+006	2.8234e+006	3.83916e+006	4.34859e+006	2.80227e+006	4.75891e+006	0	1.60095e+006	476615	2.35832e+006	3.61644e+006	4.34483e+006	3.85094e+006	6.4325e+006	8.09715e+006	369271	1.20503e+006	6.26638e+006	725786	2.38391e+006	4.75317e+006	2.33417e+006	4.99061e+006	8.14781e+006	1.45114e+006	608048	2.94815e+006	4.75165e+006	3.33047e+006	5.68663e+006	6.74546e+006	436791	1.94767e+006	8.00408e+006	2.33386e+006	3.09757e+006	5.61786e+006	
3.40027e+006	2.2576e+006	6.3371e+006	2.90244e+006	7.57725e+006	4.79284e+006	880193	167920	2.33034e+006	1.79586e+006	6.53431e+006	2.22358e+006	1.63824e+006	2.90424e+006	3.24662e+006	1.43731e+006	3.21998e+006	1.60095e+006	0	1.16473e+006	1.56227e+006	2.98719e+006	2.82891e+006	2.66526e+006	5.88109e+006	7.26226e+006	1.23251e+006	398901	5.13739e+006	922581	793354	4.22662e+006	1.11677e+006	3.72384e+006	7.56483e+006	285512	1.04882e+006	1.34782e+006	4.05014e+006	1.88029e+006	4.24712e+006	5.90276e+006	1.32159e+006	354133	7.50784e+006	886247	2.30108e+006	4.73504e+006	
4.18275e+006	3.4189e+006	7.24233e+006	3.96638e+006	8.29539e+006	5.57698e+006	292576	1.01948e+006	3.48642e+006	2.95801e+006	7.13966e+006	3.09958e+006	2.54176e+006	3.65446e+006	4.11822e+006	2.46573e+006	4.36756e+006	476615	1.16473e+006	0	2.16944e+006	3.51985e+006	3.96408e+006	3.58786e+006	6.39228e+006	7.97605e+006	201358	766189	6.04029e+006	437595	1.93108e+006	4.70573e+006	2.02685e+006	4.7101e+006	8.1064e+006	1.06084e+006	131469	2.50221e+006	4.6511e+006	2.97191e+006	5.34321e+006	6.61616e+006	485057	1.50066e+006	7.98871e+006	1.96177e+006	2.93827e+006	5.46888e+006	
2.01811e+006	2.26698e+006	5.10456e+006	2.16879e+006	6.13493e+006	3.40823e+006	1.92922e+006	1.68016e+006	2.66853e+006	1.95064e+006	5.02106e+006	1.04816e+006	693733	1.48742e+006	1.9969e+006	985238	2.8994e+006	2.35832e+006	1.56227e+006	2.16944e+006	0	1.42995e+006	2.45923e+006	1.54695e+006	4.33276e+006	5.81624e+006	2.07884e+006	1.6939e+006	3.90932e+006	1.73243e+006	1.81208e+006	2.66731e+006	653621	2.69315e+006	6.02894e+006	1.36551e+006	2.12984e+006	1.99011e+006	2.52446e+006	1.47347e+006	3.54125e+006	4.45425e+006	1.92215e+006	1.6409e+006	5.95612e+006	1.07017e+006	776553	3.30126e+006	
1.06169e+006	2.95602e+006	4.04294e+006	2.2089e+006	4.80141e+006	2.22226e+006	3.30931e+006	3.10942e+006	3.48622e+006	2.83452e+006	3.62023e+006	1.24595e+006	1.58558e+006	729900	1.34022e+006	1.98623e+006	3.15077e+006	3.61644e+006	2.98719e+006	3.51985e+006	1.42995e+006	0	2.77867e+006	1.38623e+006	2.9045e+006	4.48159e+006	3.39701e+006	3.11864e+006	2.9212e+006	3.08609e+006	3.11424e+006	1.23965e+006	1.95286e+006	2.1746e+006	4.60663e+006	2.79523e+006	3.5007e+006	3.11896e+006	1.13561e+006	2.17249e+006	3.26779e+006	3.1352e+006	3.18812e+006	3.02879e+006	4.52636e+006	2.35422e+006	710721	2.04155e+006	
2.16504e+006	719957	4.02137e+006	651642	5.70634e+006	3.06586e+006	3.67153e+006	2.993e+006	1.17467e+006	1.11168e+006	5.0766e+006	1.62441e+006	1.76655e+006	2.09574e+006	1.75292e+006	1.59212e+006	441041	4.34483e+006	2.82891e+006	3.96408e+006	2.45923e+006	2.77867e+006	0	1.401e+006	4.78013e+006	5.427e+006	3.98382e+006	3.21189e+006	2.94535e+006	3.61909e+006	2.22365e+006	3.60205e+006	2.08844e+006	1.49559e+006	6.17781e+006	2.90502e+006	3.86059e+006	1.71832e+006	3.13108e+006	1.039e+006	1.47863e+006	4.2101e+006	3.96819e+006	2.55247e+006	6.28909e+006	2.011e+006	2.33516e+006	3.18846e+006	
902920	1.69931e+006	3.67624e+006	827118	4.98188e+006	2.18429e+006	3.31413e+006	2.82649e+006	2.25915e+006	1.72476e+006	4.08916e+006	502132	1.04956e+006	696501	605126	1.25256e+006	1.76455e+006	3.85094e+006	2.66526e+006	3.58786e+006	1.54695e+006	1.38623e+006	1.401e+006	0	3.6207e+006	4.67435e+006	3.53617e+006	2.9532e+006	2.47426e+006	3.16803e+006	2.42629e+006	2.25372e+006	1.57722e+006	1.14784e+006	5.17611e+006	2.59785e+006	3.52016e+006	2.19388e+006	1.83298e+006	1.07303e+006	2.05318e+006	3.33974e+006	3.42237e+006	2.54034e+006	5.21246e+006	1.80094e+006	1.07609e+006	2.1892e+006	
2.71799e+006	5.27816e+006	2.86259e+006	4.1358e+006	2.32182e+006	1.85925e+006	6.19837e+006	6.00885e+006	5.83902e+006	5.34547e+006	921434	3.84037e+006	4.35647e+006	3.07596e+006	3.07791e+006	4.71568e+006	4.95946e+006	6.4325e+006	5.88109e+006	6.39228e+006	4.33276e+006	2.9045e+006	4.78013e+006	3.6207e+006	0	2.04171e+006	6.25381e+006	6.02313e+006	2.5688e+006	5.96546e+006	5.91201e+006	1.68658e+006	4.8068e+006	3.38319e+006	1.71574e+006	5.69817e+006	6.38392e+006	5.78665e+006	1.85111e+006	4.68672e+006	4.28479e+006	1.27188e+006	6.02135e+006	5.89171e+006	1.62844e+006	5.17727e+006	3.58027e+006	1.63823e+006	
3.86307e+006	6.07547e+006	1.84916e+006	4.87296e+006	319845	2.49012e+006	7.74486e+006	7.41124e+006	6.59521e+006	6.28477e+006	1.13085e+006	5.053e+006	5.63243e+006	4.36247e+006	4.06925e+006	5.91472e+006	5.44244e+006	8.09715e+006	7.26226e+006	7.97605e+006	5.81624e+006	4.48159e+006	5.427e+006	4.67435e+006	2.04171e+006	0	7.86596e+006	7.48282e+006	2.51446e+006	7.53872e+006	7.10063e+006	3.44823e+006	6.14572e+006	3.93768e+006	1.37448e+006	7.13399e+006	7.94396e+006	6.83013e+006	3.3487e+006	5.70875e+006	4.39614e+006	1.36274e+006	7.66691e+006	7.18957e+006	1.79753e+006	6.4459e+006	5.04099e+006	2.52769e+006	
4.09689e+006	3.46468e+006	7.17288e+006	3.95306e+006	8.18561e+006	5.48529e+006	364870	1.10315e+006	3.56282e+006	3.00666e+006	7.01321e+006	3.04186e+006	2.49785e+006	3.56621e+006	4.05116e+006	2.45393e+006	4.39536e+006	369271	1.23251e+006	201358	2.07884e+006	3.39701e+006	3.98382e+006	3.53617e+006	6.25381e+006	7.86596e+006	0	838117	5.97284e+006	373066	2.01802e+006	4.56818e+006	1.99599e+006	4.66867e+006	7.9691e+006	1.08437e+006	305000	2.58015e+006	4.53135e+006	2.97532e+006	5.33835e+006	6.50852e+006	286400	1.58067e+006	7.84344e+006	1.97327e+006	2.83789e+006	5.36807e+006	
3.6347e+006	2.65368e+006	6.629e+006	3.25306e+006	7.79995e+006	5.03431e+006	481682	266925	2.727e+006	2.19241e+006	6.71302e+006	2.48756e+006	1.90693e+006	3.12177e+006	3.51653e+006	1.76364e+006	3.60911e+006	1.20503e+006	398901	766189	1.6939e+006	3.11864e+006	3.21189e+006	2.9532e+006	6.02313e+006	7.48282e+006	838117	0	5.42634e+006	557984	1.18001e+006	4.34886e+006	1.37699e+006	4.04321e+006	7.72241e+006	355883	652562	1.74338e+006	4.21739e+006	2.24067e+006	4.61372e+006	6.12032e+006	954382	742690	7.64323e+006	1.23081e+006	2.46444e+006	4.9568e+006	
1.93113e+006	3.62465e+006	1.20318e+006	2.44598e+006	2.7773e+006	893067	5.77396e+006	5.29966e+006	4.11994e+006	3.88851e+006	2.43641e+006	2.94469e+006	3.51981e+006	2.45287e+006	1.92226e+006	3.70975e+006	2.93129e+006	6.26638e+006	5.13739e+006	6.04029e+006	3.90932e+006	2.9212e+006	2.94535e+006	2.47426e+006	2.5688e+006	2.51446e+006	5.97284e+006	5.42634e+006	0	5.61187e+006	4.82301e+006	2.54991e+006	4.04943e+006	1.49771e+006	3.47553e+006	5.07066e+006	5.97998e+006	4.46994e+006	2.09561e+006	3.3874e+006	1.91006e+006	1.50036e+006	5.83087e+006	4.99315e+006	3.70355e+006	4.26393e+006	3.20813e+006	1.19596e+006	
3.74725e+006	3.11492e+006	6.81309e+006	3.58028e+006	7.85803e+006	5.14042e+006	260461	820330	3.23917e+006	2.66003e+006	6.7063e+006	2.67572e+006	2.12708e+006	3.21831e+006	3.68964e+006	2.08167e+006	4.03393e+006	725786	922581	437595	1.73243e+006	3.08609e+006	3.61909e+006	3.16803e+006	5.96546e+006	7.53872e+006	373066	557984	5.61187e+006	0	1.71589e+006	4.279e+006	1.62307e+006	4.29795e+006	7.67843e+006	734401	419549	2.26235e+006	4.21589e+006	2.6058e+006	4.96635e+006	6.17868e+006	399541	1.27669e+006	7.56663e+006	1.60816e+006	2.50068e+006	5.03134e+006	
3.27324e+006	1.57316e+006	6.00059e+006	2.44056e+006	7.40799e+006	4.61053e+006	1.6582e+006	915428	1.55836e+006	1.12146e+006	6.4768e+006	2.08613e+006	1.55766e+006	2.84184e+006	3.03138e+006	1.2038e+006	2.57163e+006	2.38391e+006	793354	1.93108e+006	1.81208e+006	3.11424e+006	2.22365e+006	2.42629e+006	5.91201e+006	7.10063e+006	2.01802e+006	1.18001e+006	4.82301e+006	1.71589e+006	0	4.32944e+006	1.17921e+006	3.34598e+006	7.54471e+006	1.0221e+006	1.80708e+006	577631	4.0611e+006	1.43758e+006	3.6925e+006	5.76224e+006	2.11467e+006	439477	7.53604e+006	762567	2.40384e+006	4.60286e+006	
1.44711e+006	3.95007e+006	3.44691e+006	2.95963e+006	3.76293e+006	1.66898e+006	4.51278e+006	4.34747e+006	4.50664e+006	3.91929e+006	2.47532e+006	2.33031e+006	2.7778e+006	1.59144e+006	1.8659e+006	3.16375e+006	3.89096e+006	4.75317e+006	4.22662e+006	4.70573e+006	2.66731e+006	1.23965e+006	3.60205e+006	2.25372e+006	1.68658e+006	3.44823e+006	4.56818e+006	4.34886e+006	2.54991e+006	4.279e+006	4.32944e+006	0	3.18374e+006	2.50943e+006	3.40106e+006	4.03097e+006	4.69759e+006	4.28058e+006	532632	3.24431e+006	3.61176e+006	2.18631e+006	4.33844e+006	4.26451e+006	3.29558e+006	3.57564e+006	1.94057e+006	1.38096e+006	
2.2835e+006	1.74736e+006	5.25222e+006	1.96515e+006	6.46056e+006	3.67698e+006	1.74595e+006	1.26904e+006	2.08157e+006	1.37176e+006	5.43157e+006	1.11322e+006	530065	1.79092e+006	2.14141e+006	496328	2.52424e+006	2.33417e+006	1.11677e+006	2.02685e+006	653621	1.95286e+006	2.08844e+006	1.57722e+006	4.8068e+006	6.14572e+006	1.99599e+006	1.37699e+006	4.04943e+006	1.62307e+006	1.17921e+006	3.18374e+006	0	2.68435e+006	6.47412e+006	1.02123e+006	1.95115e+006	1.34022e+006	2.96204e+006	1.04951e+006	3.35791e+006	4.78674e+006	1.92572e+006	1.08501e+006	6.43522e+006	421380	1.24391e+006	3.61881e+006	
1.16361e+006	2.14124e+006	2.65555e+006	949294	4.22212e+006	1.58984e+006	4.4303e+006	3.88993e+006	2.65792e+006	2.39083e+006	3.59809e+006	1.64987e+006	2.1709e+006	1.47925e+006	837010	2.28678e+006	1.5896e+006	4.99061e+006	3.72384e+006	4.7101e+006	2.69315e+006	2.1746e+006	1.49559e+006	1.14784e+006	3.38319e+006	3.93768e+006	4.66867e+006	4.04321e+006	1.49771e+006	4.29795e+006	3.34598e+006	2.50943e+006	2.68435e+006	0	4.69665e+006	3.69204e+006	4.63544e+006	2.97402e+006	1.98079e+006	1.90881e+006	1.12316e+006	2.71744e+006	4.56475e+006	3.54704e+006	4.82971e+006	2.8386e+006	2.13928e+006	1.75093e+006	
4.28531e+006	6.75423e+006	3.12258e+006	5.56366e+006	1.42601e+006	3.11202e+006	7.90941e+006	7.69756e+006	7.30378e+006	6.88296e+006	1.10173e+006	5.45895e+006	6.00207e+006	4.70534e+006	4.59257e+006	6.34122e+006	6.2776e+006	8.14781e+006	7.56483e+006	8.1064e+006	6.02894e+006	4.60663e+006	6.17781e+006	5.17611e+006	1.71574e+006	1.37448e+006	7.9691e+006	7.72241e+006	3.47553e+006	7.67843e+006	7.54471e+006	3.40106e+006	6.47412e+006	4.69665e+006	0	7.39213e+006	8.0964e+006	7.36905e+006	3.51487e+006	6.24853e+006	5.37877e+006	2.00051e+006	7.73709e+006	7.55558e+006	460184	6.82835e+006	5.26612e+006	3.01249e+006	
3.28212e+006	2.38212e+006	6.2734e+006	2.91506e+006	7.45072e+006	4.68122e+006	768532	331050	2.51106e+006	1.92607e+006	6.37522e+006	2.13174e+006	1.5511e+006	2.77178e+006	3.1607e+006	1.41881e+006	3.3127e+006	1.45114e+006	285512	1.06084e+006	1.36551e+006	2.79523e+006	2.90502e+006	2.59785e+006	5.69817e+006	7.13399e+006	1.08437e+006	355883	5.07066e+006	734401	1.0221e+006	4.03097e+006	1.02123e+006	3.69204e+006	7.39213e+006	0	964392	1.54174e+006	3.88204e+006	1.9124e+006	4.28526e+006	5.77186e+006	1.12046e+006	599767	7.32156e+006	901264	2.12777e+006	4.60708e+006	
4.13564e+006	3.3059e+006	7.18276e+006	3.87777e+006	8.26298e+006	5.5327e+006	206119	899090	3.36392e+006	2.8444e+006	7.12072e+006	3.03621e+006	2.4716e+006	3.60962e+006	4.05908e+006	2.37865e+006	4.26058e+006	608048	1.04882e+006	131469	2.12984e+006	3.5007e+006	3.86059e+006	3.52016e+006	6.38392e+006	7.94396e+006	305000	652562	5.97998e+006	419549	1.80708e+006	4.69759e+006	1.95115e+006	4.63544e+006	8.0964e+006	964392	0	2.37994e+006	4.62818e+006	2.87657e+006	5.24964e+006	6.58273e+006	569860	1.3794e+006	7.98599e+006	1.86505e+006	2.90319e+006	5.43107e+006	
3.08599e+006	1.0289e+006	5.62192e+006	2.03456e+006	7.13039e+006	4.35156e+006	2.22451e+006	1.48309e+006	984228	610669	6.28303e+006	1.95776e+006	1.53755e+006	2.7202e+006	2.78785e+006	1.13347e+006	2.0327e+006	2.94815e+006	1.34782e+006	2.50221e+006	1.99011e+006	3.11896e+006	1.71832e+006	2.19388e+006	5.78665e+006	6.83013e+006	2.58015e+006	1.74338e+006	4.46994e+006	2.26235e+006	577631	4.28058e+006	1.34022e+006	2.97402e+006	7.36905e+006	1.54174e+006	2.37994e+006	0	3.95154e+006	1.12629e+006	3.19695e+006	5.51745e+006	2.65736e+006	1.00186e+006	7.39463e+006	950382	2.42879e+006	4.37943e+006	
966632	3.52929e+006	3.08411e+006	2.48196e+006	3.66838e+006	1.25133e+006	4.43407e+006	4.1841e+006	4.09056e+006	3.54211e+006	2.49695e+006	1.99649e+006	2.50539e+006	1.23179e+006	1.37943e+006	2.86672e+006	3.3979e+006	4.75165e+006	4.05014e+006	4.6511e+006	2.52446e+006	1.13561e+006	3.13108e+006	1.83298e+006	1.85111e+006	3.3487e+006	4.53135e+006	4.21739e+006	2.09561e+006	4.21589e+006	4.0611e+006	532632	2.96204e+006	1.98079e+006	3.51487e+006	3.88204e+006	4.62818e+006	3.95154e+006	0	2.87211e+006	3.07957e+006	2.01152e+006	4.32372e+006	4.04583e+006	3.47737e+006	3.32704e+006	1.75426e+006	999645	
1.97288e+006	824314	4.56301e+006	1.02694e+006	6.01093e+006	3.22658e+006	2.68028e+006	2.04811e+006	1.31899e+006	675003	5.15972e+006	930940	790043	1.65522e+006	1.66201e+006	553245	1.47514e+006	3.33047e+006	1.88029e+006	2.97191e+006	1.47347e+006	2.17249e+006	1.039e+006	1.07303e+006	4.68672e+006	5.70875e+006	2.97532e+006	2.24067e+006	3.3874e+006	2.6058e+006	1.43758e+006	3.24431e+006	1.04951e+006	1.90881e+006	6.24853e+006	1.9124e+006	2.87657e+006	1.12629e+006	2.87211e+006	0	2.37357e+006	4.39163e+006	2.94241e+006	1.65875e+006	6.28433e+006	1.01166e+006	1.56222e+006	3.25373e+006	
2.28491e+006	2.187e+006	2.75507e+006	1.39488e+006	4.63729e+006	2.42558e+006	5.05225e+006	4.41424e+006	2.54377e+006	2.58932e+006	4.31792e+006	2.51286e+006	2.91158e+006	2.54931e+006	1.93136e+006	2.88477e+006	1.24045e+006	5.68663e+006	4.24712e+006	5.34321e+006	3.54125e+006	3.26779e+006	1.47863e+006	2.05318e+006	4.28479e+006	4.39614e+006	5.33835e+006	4.61372e+006	1.91006e+006	4.96635e+006	3.6925e+006	3.61176e+006	3.35791e+006	1.12316e+006	5.37877e+006	4.28526e+006	5.24964e+006	3.19695e+006	3.07957e+006	2.37357e+006	0	3.38538e+006	5.28347e+006	3.9968e+006	5.58408e+006	3.38516e+006	3.12441e+006	2.66395e+006	
2.50677e+006	4.8194e+006	1.5909e+006	3.61691e+006	1.68084e+006	1.16841e+006	6.3832e+006	6.05072e+006	5.35746e+006	4.99201e+006	936385	3.70028e+006	4.27665e+006	3.00085e+006	2.73598e+006	4.56889e+006	4.28655e+006	6.74546e+006	5.90276e+006	6.61616e+006	4.45425e+006	3.1352e+006	4.2101e+006	3.33974e+006	1.27188e+006	1.36274e+006	6.50852e+006	6.12032e+006	1.50036e+006	6.17868e+006	5.76224e+006	2.18631e+006	4.78674e+006	2.71744e+006	2.00051e+006	5.77186e+006	6.58273e+006	5.51745e+006	2.01152e+006	4.39163e+006	3.38538e+006	0	6.31359e+006	5.837e+006	2.20415e+006	5.09408e+006	3.67955e+006	1.16815e+006	
3.93442e+006	3.48899e+006	7.0267e+006	3.89077e+006	7.98674e+006	5.31208e+006	549604	1.21874e+006	3.63103e+006	3.03811e+006	6.79461e+006	2.92253e+006	2.40236e+006	3.40237e+006	3.91417e+006	2.4044e+006	4.38963e+006	436791	1.32159e+006	485057	1.92215e+006	3.18812e+006	3.96819e+006	3.42237e+006	6.02135e+006	7.66691e+006	286400	954382	5.83087e+006	399541	2.11467e+006	4.33844e+006	1.92572e+006	4.56475e+006	7.73709e+006	1.12046e+006	569860	2.65736e+006	4.32372e+006	2.94241e+006	5.28347e+006	6.31359e+006	0	1.67572e+006	7.60228e+006	1.96381e+006	2.66119e+006	5.18323e+006	
3.33072e+006	1.9469e+006	6.18568e+006	2.68527e+006	7.5016e+006	4.70557e+006	1.22301e+006	481274	1.98605e+006	1.48548e+006	6.50674e+006	2.13691e+006	1.56344e+006	2.85938e+006	3.13723e+006	1.28817e+006	2.92754e+006	1.94767e+006	354133	1.50066e+006	1.6409e+006	3.02879e+006	2.55247e+006	2.54034e+006	5.89171e+006	7.18957e+006	1.58067e+006	742690	4.99315e+006	1.27669e+006	439477	4.26451e+006	1.08501e+006	3.54704e+006	7.55558e+006	599767	1.3794e+006	1.00186e+006	4.04583e+006	1.65875e+006	3.9968e+006	5.837e+006	1.67572e+006	0	7.5201e+006	743855	2.32408e+006	4.66973e+006	
4.31156e+006	6.83432e+006	3.47121e+006	5.6602e+006	1.87619e+006	3.24071e+006	7.80417e+006	7.63417e+006	7.39036e+006	6.93327e+006	1.26789e+006	5.45845e+006	5.98224e+006	4.696e+006	4.64643e+006	6.337e+006	6.41884e+006	8.00408e+006	7.50784e+006	7.98871e+006	5.95612e+006	4.52636e+006	6.28909e+006	5.21246e+006	1.62844e+006	1.79753e+006	7.84344e+006	7.64323e+006	3.70355e+006	7.56663e+006	7.53604e+006	3.29558e+006	6.43522e+006	4.82971e+006	460184	7.32156e+006	7.98599e+006	7.39463e+006	3.47737e+006	6.28433e+006	5.58408e+006	2.20415e+006	7.60228e+006	7.5201e+006	0	6.80439e+006	5.20762e+006	3.10112e+006	
2.58848e+006	1.54173e+006	5.46075e+006	2.02299e+006	6.75781e+006	3.96175e+006	1.66968e+006	1.05332e+006	1.78477e+006	1.11173e+006	5.77271e+006	1.3938e+006	826755	2.12508e+006	2.39495e+006	554707	2.42713e+006	2.33386e+006	886247	1.96177e+006	1.07017e+006	2.35422e+006	2.011e+006	1.80094e+006	5.17727e+006	6.4459e+006	1.97327e+006	1.23081e+006	4.26393e+006	1.60816e+006	762567	3.57564e+006	421380	2.8386e+006	6.82835e+006	901264	1.86505e+006	950382	3.32704e+006	1.01166e+006	3.38516e+006	5.09408e+006	1.96381e+006	743855	6.80439e+006	0	1.64351e+006	3.92725e+006	
1.28335e+006	2.37853e+006	4.38906e+006	1.86617e+006	5.3599e+006	2.65096e+006	2.70387e+006	2.43152e+006	2.87863e+006	2.19534e+006	4.24865e+006	710769	891426	755313	1.35058e+006	1.29648e+006	2.74827e+006	3.09757e+006	2.30108e+006	2.93827e+006	776553	710721	2.33516e+006	1.07609e+006	3.58027e+006	5.04099e+006	2.83789e+006	2.46444e+006	3.20813e+006	2.50068e+006	2.40384e+006	1.94057e+006	1.24391e+006	2.13928e+006	5.26612e+006	2.12777e+006	2.90319e+006	2.42879e+006	1.75426e+006	1.56222e+006	3.12441e+006	3.67955e+006	2.66119e+006	2.32408e+006	5.20762e+006	1.64351e+006	0	2.53103e+006	
1.33905e+006	3.74308e+006	2.08728e+006	2.55996e+006	2.84378e+006	303784	5.22996e+006	4.8836e+006	4.29521e+006	3.87542e+006	1.91399e+006	2.53356e+006	3.10868e+006	1.8353e+006	1.59172e+006	3.40559e+006	3.3364e+006	5.61786e+006	4.73504e+006	5.46888e+006	3.30126e+006	2.04155e+006	3.18846e+006	2.1892e+006	1.63823e+006	2.52769e+006	5.36807e+006	4.9568e+006	1.19596e+006	5.03134e+006	4.60286e+006	1.38096e+006	3.61881e+006	1.75093e+006	3.01249e+006	4.60708e+006	5.43107e+006	4.37943e+006	999645	3.25373e+006	2.66395e+006	1.16815e+006	5.18323e+006	4.66973e+006	3.10112e+006	3.92725e+006	2.53103e+006	0	
